33
33
33
34
34
34
34
34
34
35
37
39
41
42
42
41
40
38
37
36
35
34
32
31
31
31
31
30
31
31
32
33
34
33
31
28
27
29
34
45
63
89
122
154
177
182
163
127
84
46
23
16
18
23
25
25
24
23
24
24
24
24
23
24
25
26
27
28
28
28
29
29
30
30
31
31
32
32
33
33
34
35
36
38
39
39
41
42
43
44
46
47
48
49
50
52
52
53
54
55
55
55
55
55
55
54
53
52
50
48
45
43
41
40
38
36
35
34
33
32
31
31
31
30
30
29
29
30
30
31
31
30
30
30
31
31
31
32
32
32
32
32
33
33
34
34
34
34
34
34
34
34
34
34
34
35
35
34
34
34
34
33
33
34
34
34
33
33
33
33
33
33
33
33
33
33
33
33
33
33
33
32
32
32
33
33
33
33
33
34
35
36
36
36
35
35
36
39
41
43
43
42
40
39
38
37
36
34
33
31
31
31
31
31
31
32
33
34
34
32
29
27
28
31
41
57
81
112
145
172
184
176
149
110
71
42
26
22
23
25
25
24
23
23
24
24
24
24
24
24
25
26
27
28
28
29
30
30
31
31
31
32
33
34
35
36
37
37
38
39
40
41
42
43
45
46
48
49
51
52
54
55
56
57
58
59
59
59
58
58
58
57
55
54
52
49
47
44
42
40
39
37
36
35
34
34
33
32
32
31
31
31
31
31
31
32
32
32
32
32
32
32
32
33
33
33
34
34
34
34
35
35
35
35
34
34
34
34
35
35
35
35
36
36
36
35
35
35
35
35
35
35
35
35
34
34
34
34
34
34
34
34
34
34
34
35
35
35
35
35
34
34
35
35
36
37
38
38
38
37
38
40
43
45
46
45
43
41
40
38
37
36
34
33
32
32
32
32
32
33
34
34
34
33
31
29
29
33
42
57
81
111
144
171
184
178
153
116
79
51
34
28
27
28
27
25
23
23
24
24
24
24
24
25
26
27
27
27
28
29
30
30
31
32
32
33
34
35
35
36
36
37
38
39
40
41
42
44
45
47
49
50
52
53
54
56
57
58
59
59
59
59
59
59
58
57
56
54
52
49
47
45
43
41
40
39
37
36
35
34
34
33
33
33
32
32
32
32
32
32
32
32
32
32
32
33
33
33
33
33
34
34
34
35
35
34
34
33
34
34
35
35
36
35
35
34
34
34
34
34
35
35
35
35
35
35
34
34
33
34
34
35
35
35
34
34
33
34
34
34
34
35
35
35
35
34
34
35
35
37
38
38
39
39
39
40
42
44
45
46
44
43
41
38
36
34
33
32
32
32
32
32
32
33
34
35
35
33
31
29
29
33
42
58
80
110
142
168
179
169
140
99
61
33
21
20
24
28
28
26
25
24
25
26
26
25
25
26
27
27
28
29
29
30
30
31
31
32
32
33
34
35
35
36
36
37
38
40
41
42
43
43
44
44
46
48
50
52
53
53
54
54
55
55
56
56
55
55
54
54
53
52
50
48
45
42
40
39
38
38
37
36
34
34
33
33
33
33
33
33
32
32
33
33
33
33
33
32
32
32
33
34
35
36
36
36
35
35
35
35
35
36
37
37
37
37
37
37
36
36
35
35
35
36
36
36
35
35
35
35
36
36
36
36
36
35
35
35
35
35
35
36
37
39
39
40
40
41
43
44
46
46
45
43
41
39
37
36
34
33
33
33
33
32
32
32
33
34
34
34
32
31
31
33
40
52
72
100
133
165
184
183
158
117
72
38
20
17
22
27
29
27
25
25
26
27
28
27
27
27
28
29
30
30
30
30
31
32
33
34
35
35
36
36
37
38
39
41
41
42
42
43
43
44
46
48
49
50
52
53
54
55
56
57
57
57
57
57
57
57
57
56
55
53
51
49
47
45
44
42
40
39
38
37
36
35
35
35
35
35
35
35
34
34
33
34
34
35
35
36
35
35
35
35
35
36
37
37
38
38
37
37
37
38
38
37
37
37
37
37
37
38
38
39
38
38
37
36
36
36
36
37
37
37
37
36
37
38
39
40
40
40
41
42
44
46
47
47
46
44
42
41
39
37
36
34
33
33
33
33
33
33
34
35
36
35
34
31
29
30
35
45
62
87
118
151
177
187
174
142
99
58
30
18
18
23
27
27
25
24
24
25
26
26
26
25
25
26
27
28
29
29
30
31
31
32
33
33
34
35
36
37
37
38
38
39
40
41
42
44
45
46
48
49
50
52
53
54
55
56
57
57
57
57
57
57
57
56
55
53
51
49
47
45
43
41
40
38
37
36
35
34
33
32
31
31
31
32
32
33
33
33
32
32
32
33
33
34
34
34
34
34
34
35
35
35
36
36
36
36
36
36
36
36
35
35
35
36
36
36
36
36
36
36
36
36
36
36
36
36
36
36
35
34
35
35
37
38
39
39
39
39
40
42
45
46
46
45
43
41
39
37
35
34
33
32
32
32
32
32
32
32
33
34
33
32
29
28
29
35
46
66
93
126
158
180
184
167
133
93
57
33
23
22
25
26
25
24
23
24
24
25
25
24
24
25
26
27
28
28
29
29
30
31
32
33
34
34
35
35
36
37
38
39
40
40
41
42
44
45
46
47
49
50
52
53
54
55
56
57
58
58
59
59
58
58
56
55
53
51
49
47
45
42
40
39
37
36
35
33
33
32
32
32
32
32
32
32
32
31
32
32
33
33
34
33
33
34
34
34
34
35
35
34
34
34
35
35
35
34
34
34
35
35
35
35
36
36
36
36
36
36
36
35
35
36
36
36
35
35
35
35
34
34
34
34
34
35
35
35
35
35
36
37
38
39
40
39
39
40
42
45
47
47
46
44
42
40
39
38
36
34
33
32
33
33
34
34
34
35
35
35
33
31
30
30
35
44
60
84
115
147
173
185
176
150
113
76
49
33
28
27
28
27
25
24
24
25
26
25
25
25
26
27
28
28
29
29
30
30
31
32
33
33
34
34
35
36
36
37
38
39
40
41
42
43
44
46
47
49
51
52
54
55
57
58
58
59
59
59
60
60
59
59
58
56
54
51
49
46
44
42
40
39
38
37
37
36
35
34
33
33
33
33
33
33
34
34
34
34
34
34
34
35
35
35
35
35
35
35
35
35
36
36
36
35
35
36
36
36
36
36
36
36
36
36
36
37
37
37
36
36
36
36
36
36
35
35
35
35
35
35
35
35
36
36
36
36
36
36
36
35
35
35
35
35
35
35
36
38
39
40
40
39
39
40
42
44
46
46
45
44
42
41
39
38
35
34
33
33
34
34
34
34
34
35
35
36
35
33
31
31
35
44
60
85
115
147
172
181
169
138
97
60
34
23
23
27
29
28
26
25
25
26
26
26
26
26
27
28
29
29
29
29
30
31
32
33
33
34
34
34
34
35
36
37
38
39
40
41
42
43
44
46
47
48
49
51
52
54
55
55
55
55
55
55
55
56
56
55
55
54
52
49
47
44
42
41
40
39
38
37
36
35
35
34
34
33
33
32
32
32
32
33
33
33
33
33
33
33
34
34
35
35
36
36
36
36
36
35
35
36
36
37
38
38
37
36
36
36
36
37
36
36
36
36
36
36
37
37
36
36
36
36
36
35
35
35
35
36
36
36
36
36
35
35
34
35
36
37
38
39
40
40
40
40
41
43
45
47
47
46
45
43
41
38
36
34
33
33
34
34
34
34
33
34
35
36
35
33
31
30
32
38
49
68
94
127
160
182
185
164
126
82
45
23
18
22
27
30
28
26
26
27
28
29
28
27
27
28
30
30
31
31
31
32
33
34
34
35
35
36
37
37
38
39
40
40
41
41
42
43
44
45
47
49
50
51
51
52
53
54
56
57
57
57
57
56
55
54
54
53
53
51
50
48
45
44
42
40
39
38
37
36
36
35
35
35
34
34
35
35
34
34
34
35
35
35
35
35
36
36
36
36
36
36
36
36
37
38
39
39
40
39
39
38
38
38
38
37
37
38
38
39
39
39
38
38
38
38
38
39
39
38
37
37
37
37
37
37
37
37
37
37
38
39
40
41
42
42
43
44
46
47
48
47
46
45
43
41
40
38
36
34
33
34
34
35
35
35
36
36
36
36
34
32
31
33
40
52
73
101
134
166
185
185
163
125
81
45
25
19
22
27
29
28
27
26
27
28
28
27
26
27
28
30
31
31
31
31
32
33
34
35
35
35
36
37
37
38
39
40
41
42
43
44
45
46
47
48
49
50
52
54
55
56
57
58
58
59
59
59
59
59
58
57
55
54
52
49
47
45
43
42
40
39
38
37
36
35
34
34
34
33
33
33
34
34
34
34
34
34
33
34
34
35
36
36
36
35
35
35
36
36
36
36
37
37
37
37
37
37
37
37
37
37
38
38
38
38
37
37
37
37
37
37
37
36
36
36
36
36
36
36
36
36
36
35
35
36
36
36
36
37
37
39
40
41
41
41
41
41
43
45
47
47
46
44
42
41
39
37
36
34
33
33
34
34
34
34
34
35
35
35
34
32
30
31
32
31




